+---------+--------------+--------------+--------------+--------------+
| Num Mem |     10%      |     20%      |     30%      |     40%      |
+---------+--------------+--------------+--------------+--------------+
|    3    |     0.0      |     0.0      |     0.0      |     0.0      |
|    4    |     0.0      |     0.0      |     0.25     | 0.1181640625 |
|    5    | 0.4326171875 | 0.4326171875 | 0.4326171875 | 0.4326171875 |
|    6    | 0.806640625  | 0.806640625  | 0.806640625  | 0.806640625  |
|    7    | 0.9892578125 | 0.9892578125 | 0.9892578125 | 0.9970703125 |
|    8    | 1.1494140625 | 1.1494140625 | 1.1494140625 | 1.1494140625 |
|    9    |  1.52734375  |  1.52734375  |  1.52734375  |  1.52734375  |
+---------+--------------+--------------+--------------+--------------+